0.6726064652582278 0.03511370980025663
0.8379972040585687 0.16228845409493442
0.6902797501933001 0.7362734006809482
0.5831470397181949 0.8798695942951271
0.29006475195471404 0.3419643743612457
0.8290756825505484 0.11310874663017989
0.2675208679816239 0.997870104262324
0.9648458465351487 0.07903108827565675
0.7923306646811269 0.9870885629236403
0.3686421358537879 0.4332315209872457
0.856301530678536 0.6150838949202905
0.0734520008549514 0.9347596352164232
0.7734291131645217 0.5415635333176849
0.02195994153208647 0.7466587809725839
0.05004881329837996 0.3979467529893459
0.9718875358879068 0.4274693394218264
0.06416279450433005 0.9323745410128788
0.8504033908450256 0.8918479870911842
0.7410322409801041 0.42454483577425006
0.4029937794839663 0.6843257150422067
0.9200223476823277 0.25102989203296777
0.2205787217586057 0.5994198476519057
0.8560199442480422 0.8056152252048457
0.5191252721504508 0.7542262413805151
0.37936221270654646 0.3922734102273008
0.3650693721721875 0.3470276557629345
0.14951624799445395 0.841025664253233
0.1693957036142354 0.9429131402155367
0.23005375422746244 0.08687065725467036
0.07736016522677558 0.9436255380536079
0.054831493102186823 0.10776683654927743
0.9941405033594368 0.042804473245165675
0.3631905388303809 0.41865915566076606
0.7861155303266171 0.9423937827244648
0.36940807557234956 0.8746676114651648
0.7941498387016066 0.494532273072013
0.9358973364821103 0.9545761736500787
0.6938029780262266 0.8562156376306256
0.33644954387854265 0.603761857112522
0.6564402616454564 0.13110103457048183
0.476801095325212 0.3491955801564397
0.783466492541429 0.2216433977958706
0.47348263461443196 0.5498800094849995
0.9312501099887185 0.810424192167832
0.22738806144219725 0.9274574054067573
0.48783421535253246 0.40225130083682237
0.9688674788139114 0.3423553352273111
0.33429745398092436 0.8552042397354406
0.7506121475529796 0.21657701171032795
0.7582190086467594 0.5035424884488335
0.9566273269461293 0.9229658856576163
0.44399718075381134 0.33858928328764193
0.9349814635061388 0.7175995409336076
0.7304808784439804 0.0024857604074557393
0.229131198325912 0.8859204730390869
0.8687845598449583 0.4508605832164968
0.764917510816385 0.2474482948938591
0.7293955377399701 0.7083142736602789
0.5743307216080589 0.23337352848127613
0.07248493402506528 0.17947923703252555
0.35621738469257125 0.8222256255673964
0.572721746175899 0.564472563397855
0.5836767475576684 0.6634569701340004
0.5728132255473118 0.9176676584661321
0.9450847846308252 0.8535894635343058
0.645914335318187 0.8009934264293811
0.015129360422544313 0.7237047525921168
0.43670872159719076 0.18966562574065582
0.622218278744304 0.298097575417822
0.7481299916127345 0.8098849885378976
0.23757767036537658 0.060246612650777465
0.8653411253831628 0.2088343889171601
0.9690481558957383 0.4064828333261512
0.3378470395775647 0.34047137275795536
0.1251176965861035 0.36287131886846935
0.24284830825877035 0.20905685583121458
0.9669022596637941 0.19560823549928574
0.6313700022548736 0.4237021678781465
0.7272510437505475 0.3836412255166237
0.6637278651572388 0.2239261938429603
0.01152919730990265 0.6521185174248703
0.6626833914981568 0.5708128347282264
0.9645439017752813 0.027795407538546257
0.1958055116871663 0.7479357424132291
0.36364199042872136 0.5503732825116696
0.719228834777673 0.03398101541019838
0.308348324355759 0.15797492240664857
0.25338038534569884 0.2295664413486681
0.8947433381927454 0.7305196316488387
0.08174077902441601 0.4468936366774192
0.45775891177768036 0.4700616435138708
0.9877747632737369 0.1273785187761155
0.248009130617026 0.2629683517839235
0.877227644397691 0.1975987250643626
0.6109453444276537 0.3467372593773167
0.500646908104366 0.3605452657531941
0.00885527750252546 0.8950457282689085
0.7359612341159179 0.9851765666202063
0.7688455971078242 0.4658685977052317
0.9626113885031327 0.0007967404938398204
